285.9923664,308.7328244,268.0610687,308.7328244,268.0610687,332.8473282,285.9923664,332.8473282
287.2290076,309.351145,266.2061069,309.351145,266.2061069,334.7022901,287.2290076,334.7022901
285.9923664,309.351145,266.2061069,309.351145,266.2061069,334.7022901,285.9923664,334.7022901
289.0839695,307.4961832,267.4427481,307.4961832,267.4427481,334.7022901,289.0839695,334.7022901
287.2290076,306.259542,266.8244275,306.259542,266.8244275,333.4656489,287.2290076,333.4656489
289.0839695,308.1145038,267.4427481,308.1145038,267.4427481,334.0839695,289.0839695,334.0839695
289.0839695,307.4961832,268.0610687,307.4961832,268.0610687,334.0839695,289.0839695,334.0839695
288.4656489,308.1145038,268.6793893,308.1145038,268.6793893,335.9389313,288.4656489,335.9389313
290.3206107,308.1145038,270.5343511,308.1145038,270.5343511,335.3206107,290.3206107,335.3206107
289.7022901,308.1145038,269.2977099,308.1145038,269.2977099,335.3206107,289.7022901,335.3206107
289.7022901,306.8778626,271.1526718,306.8778626,271.1526718,335.9389313,289.7022901,335.9389313
290.3206107,307.4961832,269.2977099,307.4961832,269.2977099,335.3206107,290.3206107,335.3206107
292.7938931,308.1145038,271.1526718,308.1145038,271.1526718,337.1755725,292.7938931,337.1755725
292.7938931,308.1145038,273.0076336,308.1145038,273.0076336,334.7022901,292.7938931,334.7022901
293.4122137,309.351145,272.389313,309.351145,272.389313,335.3206107,293.4122137,335.3206107
292.7938931,308.1145038,273.6259542,308.1145038,273.6259542,334.7022901,292.7938931,334.7022901
293.4122137,307.4961832,273.6259542,307.4961832,273.6259542,335.9389313,293.4122137,335.9389313
295.8854962,309.351145,274.2442748,309.351145,274.2442748,332.8473282,295.8854962,332.8473282
296.5038168,309.351145,276.0992366,309.351145,276.0992366,334.0839695,296.5038168,334.0839695
295.2671756,308.7328244,274.8625954,308.7328244,274.8625954,333.4656489,295.2671756,333.4656489
297.1221374,309.9694656,274.8625954,309.9694656,274.8625954,332.2290076,297.1221374,332.2290076
300.2137405,307.4961832,276.7175573,307.4961832,276.7175573,329.7557252,300.2137405,329.7557252
300.2137405,308.1145038,275.480916,308.1145038,275.480916,330.9923664,300.2137405,330.9923664
302.0687023,306.8778626,276.7175573,306.8778626,276.7175573,332.8473282,302.0687023,332.8473282
302.6870229,308.1145038,279.1908397,308.1145038,279.1908397,329.1374046,302.6870229,329.1374046
303.3053435,306.259542,279.8091603,306.259542,279.8091603,327.9007634,303.3053435,327.9007634
307.0152672,305.0229008,280.4274809,305.0229008,280.4274809,329.1374046,307.0152672,329.1374046
308.870229,307.4961832,282.9007634,307.4961832,282.9007634,328.519084,308.870229,328.519084
308.870229,306.259542,284.7557252,306.259542,284.7557252,330.3740458,308.870229,330.3740458
308.870229,306.259542,282.2824427,306.259542,282.2824427,329.1374046,308.870229,329.1374046
311.3435115,305.6412214,284.1374046,305.6412214,284.1374046,330.3740458,311.3435115,330.3740458
311.9618321,305.6412214,285.9923664,305.6412214,285.9923664,330.9923664,311.9618321,330.9923664
310.1068702,306.259542,284.7557252,306.259542,284.7557252,329.7557252,310.1068702,329.7557252
310.7251908,306.259542,285.9923664,306.259542,285.9923664,330.3740458,310.7251908,330.3740458
311.3435115,306.259542,285.9923664,306.259542,285.9923664,330.9923664,311.3435115,330.9923664
311.3435115,304.4045802,287.8473282,304.4045802,287.8473282,332.2290076,311.3435115,332.2290076
310.1068702,305.0229008,289.0839695,305.0229008,289.0839695,332.2290076,310.1068702,332.2290076
310.7251908,305.0229008,292.1755725,305.0229008,292.1755725,332.8473282,310.7251908,332.8473282
310.7251908,304.4045802,291.5572519,304.4045802,291.5572519,331.610687,310.7251908,331.610687
313.1984733,301.9312977,292.7938931,301.9312977,292.7938931,331.610687,313.1984733,331.610687
314.4351145,304.4045802,294.648855,304.4045802,294.648855,330.9923664,314.4351145,330.9923664
312.5801527,303.1679389,292.1755725,303.1679389,292.1755725,329.7557252,312.5801527,329.7557252
314.4351145,304.4045802,292.7938931,304.4045802,292.7938931,329.7557252,314.4351145,329.7557252
311.9618321,304.4045802,294.648855,304.4045802,294.648855,329.7557252,311.9618321,329.7557252
313.1984733,301.9312977,295.8854962,301.9312977,295.8854962,328.519084,313.1984733,328.519084
315.0534351,303.7862595,295.2671756,303.7862595,295.2671756,330.9923664,315.0534351,330.9923664
316.2900763,303.1679389,295.8854962,303.1679389,295.8854962,330.3740458,316.2900763,330.3740458
316.9083969,303.7862595,296.5038168,303.7862595,296.5038168,330.9923664,316.9083969,330.9923664
318.1450382,304.4045802,294.0305344,304.4045802,294.0305344,330.3740458,318.1450382,330.3740458
317.5267176,303.7862595,294.0305344,303.7862595,294.0305344,330.3740458,317.5267176,330.3740458
317.5267176,303.7862595,292.1755725,303.7862595,292.1755725,329.1374046,317.5267176,329.1374046
318.1450382,305.6412214,297.1221374,305.6412214,297.1221374,330.3740458,318.1450382,330.3740458
320.6183206,304.4045802,297.1221374,304.4045802,297.1221374,329.7557252,320.6183206,329.7557252
318.1450382,303.7862595,297.740458,303.7862595,297.740458,328.519084,318.1450382,328.519084
319.3816794,304.4045802,297.1221374,304.4045802,297.1221374,327.9007634,319.3816794,327.9007634
320,303.7862595,295.8854962,303.7862595,295.8854962,330.3740458,320,330.3740458
320.6183206,305.0229008,300.8320611,305.0229008,300.8320611,329.1374046,320.6183206,329.1374046
321.2366412,303.7862595,302.0687023,303.7862595,302.0687023,330.3740458,321.2366412,330.3740458
321.8549618,303.1679389,302.0687023,303.1679389,302.0687023,329.1374046,321.8549618,329.1374046
322.4732824,303.1679389,300.8320611,303.1679389,300.8320611,328.519084,322.4732824,328.519084
323.0916031,302.5496183,304.5419847,302.5496183,304.5419847,328.519084,323.0916031,328.519084
324.3282443,303.1679389,303.9236641,303.1679389,303.9236641,329.1374046,324.3282443,329.1374046
326.1832061,303.1679389,306.3969466,303.1679389,306.3969466,330.3740458,326.1832061,330.3740458
329.2748092,303.7862595,307.6335878,303.7862595,307.6335878,329.7557252,329.2748092,329.7557252
329.2748092,301.9312977,308.870229,301.9312977,308.870229,329.1374046,329.2748092,329.1374046
329.8931298,301.9312977,310.1068702,301.9312977,310.1068702,329.1374046,329.8931298,329.1374046
332.9847328,301.9312977,311.9618321,301.9312977,311.9618321,329.1374046,332.9847328,329.1374046
334.8396947,303.1679389,313.8167939,303.1679389,313.8167939,330.9923664,334.8396947,330.9923664
335.4580153,303.1679389,313.8167939,303.1679389,313.8167939,329.7557252,335.4580153,329.7557252
336.6946565,303.1679389,316.2900763,303.1679389,316.2900763,329.1374046,336.6946565,329.1374046
338.5496183,301.9312977,318.1450382,301.9312977,318.1450382,332.2290076,338.5496183,332.2290076
339.7862595,303.7862595,320,303.7862595,320,330.3740458,339.7862595,330.3740458
342.8778626,303.7862595,321.8549618,303.7862595,321.8549618,329.7557252,342.8778626,329.7557252
344.7328244,301.9312977,322.4732824,301.9312977,322.4732824,329.1374046,344.7328244,329.1374046
345.351145,303.1679389,323.7099237,303.1679389,323.7099237,327.9007634,345.351145,327.9007634
344.7328244,300.6946565,326.1832061,300.6946565,326.1832061,327.2824427,344.7328244,327.2824427
349.0610687,301.3129771,330.5114504,301.3129771,330.5114504,328.519084,349.0610687,328.519084
349.0610687,301.9312977,329.8931298,301.9312977,329.8931298,326.6641221,349.0610687,326.6641221
350.9160305,300.6946565,330.5114504,300.6946565,330.5114504,327.2824427,350.9160305,327.2824427
355.2442748,302.5496183,330.5114504,302.5496183,330.5114504,326.0458015,355.2442748,326.0458015
354.6259542,299.4580153,331.129771,299.4580153,331.129771,326.0458015,354.6259542,326.0458015
355.2442748,300.6946565,332.9847328,300.6946565,332.9847328,326.6641221,355.2442748,326.6641221
355.2442748,300.6946565,336.6946565,300.6946565,336.6946565,326.0458015,355.2442748,326.0458015
355.2442748,300.6946565,331.129771,300.6946565,331.129771,329.1374046,355.2442748,329.1374046
355.8625954,300.6946565,332.3664122,300.6946565,332.3664122,326.0458015,355.8625954,326.0458015
355.2442748,303.7862595,333.6030534,303.7862595,333.6030534,326.6641221,355.2442748,326.6641221
355.8625954,301.3129771,332.9847328,301.3129771,332.9847328,327.9007634,355.8625954,327.9007634
355.2442748,301.9312977,333.6030534,301.9312977,333.6030534,325.4274809,355.2442748,325.4274809
354.0076336,301.3129771,332.9847328,301.3129771,332.9847328,326.0458015,354.0076336,326.0458015
353.389313,301.9312977,331.7480916,301.9312977,331.7480916,327.9007634,353.389313,327.9007634
351.5343511,302.5496183,331.129771,302.5496183,331.129771,328.519084,351.5343511,328.519084
349.6793893,301.9312977,330.5114504,301.9312977,330.5114504,326.0458015,349.6793893,326.0458015
346.5877863,304.4045802,325.5648855,304.4045802,325.5648855,327.9007634,346.5877863,327.9007634
348.4427481,303.7862595,323.0916031,303.7862595,323.0916031,327.2824427,348.4427481,327.2824427
345.9694656,303.1679389,322.4732824,303.1679389,322.4732824,329.7557252,345.9694656,329.7557252
345.9694656,302.5496183,321.8549618,302.5496183,321.8549618,329.1374046,345.9694656,329.1374046
344.1145038,303.7862595,319.3816794,303.7862595,319.3816794,330.9923664,344.1145038,330.9923664
339.1679389,301.9312977,313.8167939,301.9312977,313.8167939,329.1374046,339.1679389,329.1374046
334.8396947,303.7862595,313.8167939,303.7862595,313.8167939,329.7557252,334.8396947,329.7557252
332.3664122,304.4045802,309.4885496,304.4045802,309.4885496,333.4656489,332.3664122,333.4656489
329.2748092,306.259542,307.6335878,306.259542,307.6335878,332.2290076,329.2748092,332.2290076
326.8015267,303.1679389,302.0687023,303.1679389,302.0687023,332.2290076,326.8015267,332.2290076
326.8015267,303.1679389,301.4503817,303.1679389,301.4503817,330.9923664,326.8015267,330.9923664
327.4198473,303.7862595,299.5954198,303.7862595,299.5954198,330.3740458,327.4198473,330.3740458
324.3282443,303.1679389,298.3587786,303.1679389,298.3587786,330.9923664,324.3282443,330.9923664
321.8549618,302.5496183,295.8854962,302.5496183,295.8854962,329.1374046,321.8549618,329.1374046
321.2366412,304.4045802,294.0305344,304.4045802,294.0305344,329.7557252,321.2366412,329.7557252
320,305.0229008,294.0305344,305.0229008,294.0305344,329.7557252,320,329.7557252
319.3816794,302.5496183,291.5572519,302.5496183,291.5572519,330.9923664,319.3816794,330.9923664
317.5267176,303.7862595,296.5038168,303.7862595,296.5038168,330.9923664,317.5267176,330.9923664
322.4732824,305.0229008,297.740458,305.0229008,297.740458,329.7557252,322.4732824,329.7557252
323.7099237,302.5496183,298.3587786,302.5496183,298.3587786,330.3740458,323.7099237,330.3740458
327.4198473,301.9312977,303.3053435,301.9312977,303.3053435,330.9923664,327.4198473,330.9923664
330.5114504,300.6946565,300.8320611,300.6946565,300.8320611,329.1374046,330.5114504,329.1374046
330.5114504,301.9312977,307.0152672,301.9312977,307.0152672,330.3740458,330.5114504,330.3740458
331.7480916,301.9312977,308.2519084,301.9312977,308.2519084,328.519084,331.7480916,328.519084
334.8396947,303.1679389,311.3435115,303.1679389,311.3435115,329.1374046,334.8396947,329.1374046
338.5496183,305.0229008,313.1984733,305.0229008,313.1984733,330.3740458,338.5496183,330.3740458
344.1145038,302.5496183,312.5801527,302.5496183,312.5801527,329.1374046,344.1145038,329.1374046
347.2061069,303.1679389,321.8549618,303.1679389,321.8549618,329.7557252,347.2061069,329.7557252
354.6259542,300.6946565,324.9465649,300.6946565,324.9465649,330.3740458,354.6259542,330.3740458
353.389313,300.0763359,326.8015267,300.0763359,326.8015267,326.0458015,353.389313,326.0458015
357.7175573,300.6946565,331.7480916,300.6946565,331.7480916,330.3740458,357.7175573,330.3740458
362.6641221,298.221374,332.3664122,298.221374,332.3664122,328.519084,362.6641221,328.519084
364.519084,300.6946565,338.5496183,300.6946565,338.5496183,328.519084,364.519084,328.519084
366.9923664,300.6946565,345.351145,300.6946565,345.351145,328.519084,366.9923664,328.519084
370.0839695,300.0763359,342.8778626,300.0763359,342.8778626,329.7557252,370.0839695,329.7557252
374.4122137,300.6946565,349.6793893,300.6946565,349.6793893,330.9923664,374.4122137,330.9923664
375.0305344,299.4580153,349.6793893,299.4580153,349.6793893,327.2824427,375.0305344,327.2824427
378.1221374,296.3664122,352.1526718,296.3664122,352.1526718,325.4274809,378.1221374,325.4274809
379.3587786,297.6030534,357.0992366,297.6030534,357.0992366,326.6641221,379.3587786,326.6641221
378.1221374,296.3664122,356.480916,296.3664122,356.480916,327.9007634,378.1221374,327.9007634
383.0687023,296.3664122,358.3358779,296.3664122,358.3358779,324.1908397,383.0687023,324.1908397
388.0152672,294.5114504,358.9541985,294.5114504,358.9541985,324.8091603,388.0152672,324.8091603
391.1068702,295.7480916,360.1908397,295.7480916,360.1908397,323.5725191,391.1068702,323.5725191
388.0152672,298.221374,363.9007634,298.221374,363.9007634,323.5725191,388.0152672,323.5725191
388.0152672,298.221374,363.2824427,298.221374,363.2824427,324.8091603,388.0152672,324.8091603
386.1603053,301.9312977,363.9007634,301.9312977,363.9007634,326.0458015,386.1603053,326.0458015
388.0152672,302.5496183,362.6641221,302.5496183,362.6641221,327.9007634,388.0152672,327.9007634
384.9236641,300.6946565,363.2824427,300.6946565,363.2824427,329.1374046,384.9236641,329.1374046
383.6870229,301.9312977,358.9541985,301.9312977,358.9541985,330.9923664,383.6870229,330.9923664
378.740458,304.4045802,357.7175573,304.4045802,357.7175573,330.3740458,378.740458,330.3740458
376.8854962,304.4045802,351.5343511,304.4045802,351.5343511,332.2290076,376.8854962,332.2290076
373.7938931,306.259542,352.1526718,306.259542,352.1526718,335.3206107,373.7938931,335.3206107
371.9389313,308.7328244,345.351145,308.7328244,345.351145,337.7938931,371.9389313,337.7938931
365.1374046,310.5877863,341.6412214,310.5877863,341.6412214,337.1755725,365.1374046,337.1755725
360.1908397,313.6793893,337.3129771,313.6793893,337.3129771,340.2671756,360.1908397,340.2671756
358.3358779,312.4427481,334.221374,312.4427481,334.221374,339.648855,358.3358779,339.648855
356.480916,316.7709924,332.3664122,316.7709924,332.3664122,343.3587786,356.480916,343.3587786
354.6259542,317.389313,331.129771,317.389313,331.129771,343.3587786,354.6259542,343.3587786
352.1526718,316.1526718,329.8931298,316.1526718,329.8931298,344.5954198,352.1526718,344.5954198
350.9160305,317.389313,328.0381679,317.389313,328.0381679,345.2137405,350.9160305,345.2137405
350.2977099,315.5343511,328.6564885,315.5343511,328.6564885,345.8320611,350.2977099,345.8320611
349.0610687,316.1526718,324.9465649,316.1526718,324.9465649,343.9770992,349.0610687,343.9770992
350.9160305,314.2977099,324.9465649,314.2977099,324.9465649,343.3587786,350.9160305,343.3587786
349.6793893,316.7709924,328.6564885,316.7709924,328.6564885,344.5954198,349.6793893,344.5954198
352.1526718,316.7709924,329.8931298,316.7709924,329.8931298,343.3587786,352.1526718,343.3587786
350.9160305,314.2977099,331.129771,314.2977099,331.129771,345.2137405,350.9160305,345.2137405
355.8625954,314.9160305,332.3664122,314.9160305,332.3664122,342.1221374,355.8625954,342.1221374
361.4274809,314.2977099,336.6946565,314.2977099,336.6946565,340.2671756,361.4274809,340.2671756
367.610687,308.1145038,344.1145038,308.1145038,344.1145038,339.648855,367.610687,339.648855
374.4122137,307.4961832,352.1526718,307.4961832,352.1526718,337.7938931,374.4122137,337.7938931
379.3587786,305.0229008,355.2442748,305.0229008,355.2442748,331.610687,379.3587786,331.610687
384.3053435,301.3129771,362.0458015,301.3129771,362.0458015,330.9923664,384.3053435,330.9923664
387.3969466,301.3129771,366.9923664,301.3129771,366.9923664,328.519084,387.3969466,328.519084
389.870229,303.1679389,368.2290076,303.1679389,368.2290076,330.9923664,389.870229,330.9923664
391.1068702,307.4961832,371.9389313,307.4961832,371.9389313,334.7022901,391.1068702,334.7022901
391.1068702,308.1145038,371.9389313,308.1145038,371.9389313,333.4656489,391.1068702,333.4656489
392.9618321,309.351145,373.1755725,309.351145,373.1755725,337.1755725,392.9618321,337.1755725
396.6717557,309.9694656,375.0305344,309.9694656,375.0305344,335.9389313,396.6717557,335.9389313
399.7633588,309.9694656,376.8854962,309.9694656,376.8854962,337.7938931,399.7633588,337.7938931
399.1450382,308.7328244,379.3587786,308.7328244,379.3587786,338.4122137,399.1450382,338.4122137
399.7633588,310.5877863,378.1221374,310.5877863,378.1221374,338.4122137,399.7633588,338.4122137
399.1450382,309.9694656,378.740458,309.9694656,378.740458,337.1755725,399.1450382,337.1755725
402.8549618,314.2977099,376.2671756,314.2977099,376.2671756,339.648855,402.8549618,339.648855
399.7633588,313.0610687,379.3587786,313.0610687,379.3587786,340.2671756,399.7633588,340.2671756
397.2900763,314.2977099,377.5038168,314.2977099,377.5038168,340.8854962,397.2900763,340.8854962
392.9618321,316.1526718,371.3206107,316.1526718,371.3206107,341.5038168,392.9618321,341.5038168
388.6335878,319.2442748,367.610687,319.2442748,367.610687,343.9770992,388.6335878,343.9770992
381.8320611,318.6259542,362.0458015,318.6259542,362.0458015,347.0687023,381.8320611,347.0687023
375.0305344,321.7175573,355.8625954,321.7175573,355.8625954,347.0687023,375.0305344,347.0687023
371.3206107,321.7175573,352.7709924,321.7175573,352.7709924,347.6870229,371.3206107,347.6870229
370.0839695,320.480916,350.9160305,320.480916,350.9160305,347.6870229,370.0839695,347.6870229
365.7557252,322.3358779,350.2977099,322.3358779,350.2977099,347.0687023,365.7557252,347.0687023
365.1374046,318.6259542,344.1145038,318.6259542,344.1145038,345.8320611,365.1374046,345.8320611
363.2824427,319.2442748,339.7862595,319.2442748,339.7862595,348.3053435,363.2824427,348.3053435
361.4274809,320.480916,334.8396947,320.480916,334.8396947,348.3053435,361.4274809,348.3053435
357.0992366,320.480916,336.0763359,320.480916,336.0763359,350.1603053,357.0992366,350.1603053
357.0992366,321.7175573,338.5496183,321.7175573,338.5496183,348.9236641,357.0992366,348.9236641
359.5725191,320.480916,339.1679389,320.480916,339.1679389,348.3053435,359.5725191,348.3053435
363.2824427,319.8625954,339.7862595,319.8625954,339.7862595,346.4503817,363.2824427,346.4503817
370.7022901,316.1526718,342.8778626,316.1526718,342.8778626,345.8320611,370.7022901,345.8320611
370.7022901,314.2977099,349.0610687,314.2977099,349.0610687,340.8854962,370.7022901,340.8854962
374.4122137,313.6793893,353.389313,313.6793893,353.389313,340.8854962,374.4122137,340.8854962
379.9770992,310.5877863,359.5725191,310.5877863,359.5725191,337.1755725,379.9770992,337.1755725
385.5419847,306.259542,363.9007634,306.259542,363.9007634,334.0839695,385.5419847,334.0839695
391.1068702,306.8778626,369.4656489,306.8778626,369.4656489,332.2290076,391.1068702,332.2290076
392.9618321,307.4961832,373.1755725,307.4961832,373.1755725,335.9389313,392.9618321,335.9389313
394.1984733,309.9694656,375.0305344,309.9694656,375.0305344,338.4122137,394.1984733,338.4122137
396.6717557,313.0610687,379.3587786,313.0610687,379.3587786,342.1221374,396.6717557,342.1221374
399.1450382,312.4427481,376.8854962,312.4427481,376.8854962,341.5038168,399.1450382,341.5038168
397.2900763,314.2977099,378.1221374,314.2977099,378.1221374,340.8854962,397.2900763,340.8854962
397.2900763,312.4427481,377.5038168,312.4427481,377.5038168,340.2671756,397.2900763,340.2671756
396.6717557,310.5877863,375.0305344,310.5877863,375.0305344,336.5572519,396.6717557,336.5572519
395.4351145,308.1145038,374.4122137,308.1145038,374.4122137,332.8473282,395.4351145,332.8473282
398.5267176,306.8778626,374.4122137,306.8778626,374.4122137,333.4656489,398.5267176,333.4656489
397.2900763,309.351145,377.5038168,309.351145,377.5038168,335.3206107,397.2900763,335.3206107
401.6183206,314.2977099,378.740458,314.2977099,378.740458,342.740458,401.6183206,342.740458
400.3816794,314.9160305,380.5954198,314.9160305,380.5954198,343.9770992,400.3816794,343.9770992
399.1450382,312.4427481,376.2671756,312.4427481,376.2671756,343.9770992,399.1450382,343.9770992
397.2900763,309.9694656,376.2671756,309.9694656,376.2671756,338.4122137,397.2900763,338.4122137
397.9083969,310.5877863,376.2671756,310.5877863,376.2671756,339.0305344,397.9083969,339.0305344
398.5267176,308.1145038,376.2671756,308.1145038,376.2671756,337.7938931,398.5267176,337.7938931
399.1450382,313.6793893,378.740458,313.6793893,378.740458,343.3587786,399.1450382,343.3587786
398.5267176,318.6259542,380.5954198,318.6259542,380.5954198,347.6870229,398.5267176,347.6870229
399.1450382,320.480916,379.3587786,320.480916,379.3587786,350.778626,399.1450382,350.778626
399.1450382,318.0076336,379.3587786,318.0076336,379.3587786,346.4503817,399.1450382,346.4503817
399.1450382,311.2061069,379.3587786,311.2061069,379.3587786,340.8854962,399.1450382,340.8854962
400.3816794,310.5877863,380.5954198,310.5877863,380.5954198,338.4122137,400.3816794,338.4122137
401,316.7709924,379.9770992,316.7709924,379.9770992,345.8320611,401,345.8320611
402.8549618,318.0076336,377.5038168,318.0076336,377.5038168,350.1603053,402.8549618,350.1603053
400.3816794,322.3358779,379.3587786,322.3358779,379.3587786,351.3969466,400.3816794,351.3969466
399.1450382,318.0076336,376.8854962,318.0076336,376.8854962,349.5419847,399.1450382,349.5419847
399.7633588,313.6793893,378.1221374,313.6793893,378.1221374,342.740458,399.7633588,342.740458
401,316.1526718,378.740458,316.1526718,378.740458,345.8320611,401,345.8320611
404.7099237,318.0076336,384.3053435,318.0076336,384.3053435,347.6870229,404.7099237,347.6870229
401.6183206,322.9541985,381.2137405,322.9541985,381.2137405,353.2519084,401.6183206,353.2519084
398.5267176,322.9541985,378.1221374,322.9541985,378.1221374,348.9236641,398.5267176,348.9236641
400.3816794,318.0076336,378.1221374,318.0076336,378.1221374,347.6870229,400.3816794,347.6870229
400.3816794,319.8625954,380.5954198,319.8625954,380.5954198,347.0687023,400.3816794,347.0687023
404.0916031,320.480916,383.0687023,320.480916,383.0687023,348.3053435,404.0916031,348.3053435
407.1832061,329.1374046,383.6870229,329.1374046,383.6870229,351.3969466,407.1832061,351.3969466
404.0916031,327.9007634,384.3053435,327.9007634,384.3053435,352.6335878,404.0916031,352.6335878
405.3282443,326.0458015,379.3587786,326.0458015,379.3587786,350.1603053,405.3282443,350.1603053
402.8549618,324.1908397,383.0687023,324.1908397,383.0687023,346.4503817,402.8549618,346.4503817
406.5648855,321.7175573,385.5419847,321.7175573,385.5419847,350.1603053,406.5648855,350.1603053
409.6564885,323.5725191,389.870229,323.5725191,389.870229,352.0152672,409.6564885,352.0152672
412.7480916,321.0992366,388.0152672,321.0992366,388.0152672,348.3053435,412.7480916,348.3053435
410.2748092,320.480916,389.2519084,320.480916,389.2519084,347.0687023,410.2748092,347.0687023
409.6564885,318.0076336,386.778626,318.0076336,386.778626,345.8320611,409.6564885,345.8320611
407.8015267,322.9541985,383.0687023,322.9541985,383.0687023,356.3435115,407.8015267,356.3435115
407.1832061,330.9923664,385.5419847,330.9923664,385.5419847,361.9083969,407.1832061,361.9083969
409.6564885,327.2824427,388.0152672,327.2824427,388.0152672,358.8167939,409.6564885,358.8167939
412.129771,320.480916,388.6335878,320.480916,388.6335878,352.0152672,412.129771,352.0152672
410.2748092,314.9160305,389.870229,314.9160305,389.870229,343.3587786,410.2748092,343.3587786
411.5114504,314.2977099,389.870229,314.2977099,389.870229,344.5954198,411.5114504,344.5954198
411.5114504,319.2442748,391.1068702,319.2442748,391.1068702,346.4503817,411.5114504,346.4503817
411.5114504,324.1908397,389.870229,324.1908397,389.870229,351.3969466,411.5114504,351.3969466
409.6564885,326.0458015,389.2519084,326.0458015,389.2519084,352.6335878,409.6564885,352.6335878
410.2748092,324.8091603,389.2519084,324.8091603,389.2519084,351.3969466,410.2748092,351.3969466
412.129771,320.480916,391.7251908,320.480916,391.7251908,351.3969466,412.129771,351.3969466
413.3664122,319.8625954,392.9618321,319.8625954,392.9618321,348.3053435,413.3664122,348.3053435
415.8396947,322.3358779,394.8167939,322.3358779,394.8167939,348.3053435,415.8396947,348.3053435
415.8396947,318.6259542,393.5801527,318.6259542,393.5801527,347.6870229,415.8396947,347.6870229
415.8396947,318.6259542,394.8167939,318.6259542,394.8167939,348.3053435,415.8396947,348.3053435
418.9312977,321.0992366,399.1450382,321.0992366,399.1450382,343.9770992,418.9312977,343.9770992
418.9312977,319.2442748,398.5267176,319.2442748,398.5267176,343.3587786,418.9312977,343.3587786
420.1679389,314.9160305,399.1450382,314.9160305,399.1450382,342.1221374,420.1679389,342.1221374
419.5496183,319.2442748,401,319.2442748,401,345.8320611,419.5496183,345.8320611
420.1679389,326.0458015,397.9083969,326.0458015,397.9083969,353.870229,420.1679389,353.870229
422.6412214,329.7557252,397.2900763,329.7557252,397.2900763,358.8167939,422.6412214,358.8167939
422.6412214,327.9007634,406.5648855,327.9007634,406.5648855,356.9618321,422.6412214,356.9618321
424.4961832,316.7709924,402.8549618,316.7709924,402.8549618,346.4503817,424.4961832,346.4503817
428.8244275,311.8244275,407.8015267,311.8244275,407.8015267,337.1755725,428.8244275,337.1755725
430.0610687,308.7328244,411.5114504,308.7328244,411.5114504,334.0839695,430.0610687,334.0839695
434.389313,309.351145,412.7480916,309.351145,412.7480916,335.9389313,434.389313,335.9389313
435.0076336,316.1526718,417.0763359,316.1526718,417.0763359,343.3587786,435.0076336,343.3587786
437.480916,314.9160305,419.5496183,314.9160305,419.5496183,340.8854962,437.480916,340.8854962
440.5725191,307.4961832,420.7862595,307.4961832,420.7862595,334.0839695,440.5725191,334.0839695
443.6641221,300.6946565,425.1145038,300.6946565,425.1145038,327.9007634,443.6641221,327.9007634
448.610687,296.3664122,428.8244275,296.3664122,428.8244275,322.3358779,448.610687,322.3358779
449.8473282,296.3664122,430.6793893,296.3664122,430.6793893,324.1908397,449.8473282,324.1908397
449.8473282,301.3129771,428.2061069,301.3129771,428.2061069,327.2824427,449.8473282,327.2824427
449,304,423,304,423,332,449,332
444.9007634,302.5496183,421.4045802,302.5496183,421.4045802,328.519084,444.9007634,328.519084
436.8625954,305.0229008,418.9312977,305.0229008,418.9312977,331.610687,436.8625954,331.610687
438.7175573,300.0763359,415.8396947,300.0763359,415.8396947,328.519084,438.7175573,328.519084
441.8091603,300.0763359,422.0229008,300.0763359,422.0229008,323.5725191,441.8091603,323.5725191
446.7557252,297.6030534,425.7328244,297.6030534,425.7328244,318.6259542,446.7557252,318.6259542
447.3740458,293.2748092,426.9694656,293.2748092,426.9694656,319.8625954,447.3740458,319.8625954
452.9389313,292.6564885,430.0610687,292.6564885,430.0610687,319.8625954,452.9389313,319.8625954
460.3587786,292.6564885,439.3358779,292.6564885,439.3358779,314.9160305,460.3587786,314.9160305
460.3587786,293.2748092,442.4274809,293.2748092,442.4274809,317.389313,460.3587786,317.389313
470.870229,292.6564885,452.3206107,292.6564885,452.3206107,319.2442748,470.870229,319.2442748
470.2519084,293.2748092,452.9389313,293.2748092,452.9389313,317.389313,470.2519084,317.389313
468.3969466,295.7480916,449.2290076,295.7480916,449.2290076,319.8625954,468.3969466,319.8625954
462.2137405,301.9312977,444.2824427,301.9312977,444.2824427,326.6641221,462.2137405,326.6641221
452.9389313,306.8778626,430.0610687,306.8778626,430.0610687,334.0839695,452.9389313,334.0839695
441.1908397,311.2061069,420.7862595,311.2061069,420.7862595,334.7022901,441.1908397,334.7022901
435.6259542,308.7328244,417.0763359,308.7328244,417.0763359,333.4656489,435.6259542,333.4656489
436.2442748,305.6412214,417.6946565,305.6412214,417.6946565,329.7557252,436.2442748,329.7557252
444.2824427,300.6946565,426.351145,300.6946565,426.351145,324.1908397,444.2824427,324.1908397
449.2290076,296.9847328,428.2061069,296.9847328,428.2061069,319.8625954,449.2290076,319.8625954
456.0305344,293.8931298,433.1526718,293.8931298,433.1526718,314.9160305,456.0305344,314.9160305
464.0687023,292.0381679,441.8091603,292.0381679,441.8091603,313.6793893,464.0687023,313.6793893
462.2137405,291.4198473,438.0992366,291.4198473,438.0992366,315.5343511,462.2137405,315.5343511
455.4122137,295.7480916,435.6259542,295.7480916,435.6259542,319.2442748,455.4122137,319.2442748
451.0839695,301.9312977,427.5877863,301.9312977,427.5877863,326.0458015,451.0839695,326.0458015
447.9923664,306.259542,422.0229008,306.259542,422.0229008,329.7557252,447.9923664,329.7557252
442.4274809,306.259542,423.8778626,306.259542,423.8778626,326.0458015,442.4274809,326.0458015
444.2824427,301.9312977,423.8778626,301.9312977,423.8778626,326.0458015,444.2824427,326.0458015
449.8473282,297.6030534,431.9160305,297.6030534,431.9160305,319.2442748,449.8473282,319.2442748
459.1221374,293.2748092,436.2442748,293.2748092,436.2442748,314.9160305,459.1221374,314.9160305
464.6870229,287.7099237,444.2824427,287.7099237,444.2824427,311.8244275,464.6870229,311.8244275
461.5954198,286.4732824,439.9541985,286.4732824,439.9541985,310.5877863,461.5954198,310.5877863
456.0305344,288.9465649,436.2442748,288.9465649,436.2442748,313.6793893,456.0305344,313.6793893
457.2671756,288.9465649,435.6259542,288.9465649,435.6259542,316.7709924,457.2671756,316.7709924
456.648855,288.9465649,432.5343511,288.9465649,432.5343511,314.2977099,456.648855,314.2977099
457.2671756,290.1832061,435.0076336,290.1832061,435.0076336,313.0610687,457.2671756,313.0610687
457.2671756,290.8015267,437.480916,290.8015267,437.480916,315.5343511,457.2671756,315.5343511
456.648855,288.3282443,434.389313,288.3282443,434.389313,313.6793893,456.648855,313.6793893
457,287,431,287,431,317,457,317
456.0305344,289.5648855,436.2442748,289.5648855,436.2442748,313.0610687,456.0305344,313.0610687
455.4122137,286.4732824,437.480916,286.4732824,437.480916,306.8778626,455.4122137,306.8778626
451.7022901,277.8167939,435.6259542,277.8167939,435.6259542,296.9847328,451.7022901,296.9847328
454.1755725,269.1603053,435.6259542,269.1603053,435.6259542,290.1832061,454.1755725,290.1832061
453.5572519,266.6870229,435.6259542,266.6870229,435.6259542,287.7099237,453.5572519,287.7099237
457.8854962,260.5038168,439.3358779,260.5038168,439.3358779,285.2366412,457.8854962,285.2366412
459.740458,259.8854962,439.9541985,259.8854962,439.9541985,283.3816794,459.740458,283.3816794
463.4503817,261.1221374,443.6641221,261.1221374,443.6641221,283.3816794,463.4503817,283.3816794
463.4503817,261.740458,444.9007634,261.740458,444.9007634,283.3816794,463.4503817,283.3816794
463.4503817,264.8320611,444.2824427,264.8320611,444.2824427,285.2366412,463.4503817,285.2366412
463.4503817,266.0687023,442.4274809,266.0687023,442.4274809,288.9465649,463.4503817,288.9465649
462.2137405,274.1068702,441.8091603,274.1068702,441.8091603,297.6030534,462.2137405,297.6030534
465.3053435,278.4351145,443.6641221,278.4351145,443.6641221,303.7862595,465.3053435,303.7862595
465.9236641,277.8167939,441.8091603,277.8167939,441.8091603,303.1679389,465.9236641,303.1679389
463.4503817,274.1068702,441.8091603,274.1068702,441.8091603,298.8396947,463.4503817,298.8396947
459.740458,273.4885496,438.7175573,273.4885496,438.7175573,296.9847328,459.740458,296.9847328
453.5572519,272.870229,431.9160305,272.870229,431.9160305,293.8931298,453.5572519,293.8931298
447.9923664,271.6335878,426.9694656,271.6335878,426.9694656,292.0381679,447.9923664,292.0381679
454.1755725,270.3969466,433.1526718,270.3969466,433.1526718,292.6564885,454.1755725,292.6564885
461.5954198,265.4503817,437.480916,265.4503817,437.480916,290.8015267,461.5954198,290.8015267
467.1603053,264.8320611,444.9007634,264.8320611,444.9007634,287.0916031,467.1603053,287.0916031
469.6335878,262.9770992,444.9007634,262.9770992,444.9007634,285.2366412,469.6335878,285.2366412
474.5801527,261.740458,454.7938931,261.740458,454.7938931,282.1450382,474.5801527,282.1450382
478.9083969,261.740458,456.648855,261.740458,456.648855,285.8549618,478.9083969,285.8549618
477.6717557,263.5954198,457.8854962,263.5954198,457.8854962,287.7099237,477.6717557,287.7099237
477.6717557,270.3969466,459.1221374,270.3969466,459.1221374,293.8931298,477.6717557,293.8931298
475.1984733,279.6717557,454.7938931,279.6717557,454.7938931,303.1679389,475.1984733,303.1679389
468.3969466,291.4198473,447.9923664,291.4198473,447.9923664,312.4427481,468.3969466,312.4427481
464.6870229,295.7480916,442.4274809,295.7480916,442.4274809,319.8625954,464.6870229,319.8625954
462.2137405,297.6030534,440.5725191,297.6030534,440.5725191,320.480916,462.2137405,320.480916
458.5038168,298.221374,436.8625954,298.221374,436.8625954,319.2442748,458.5038168,319.2442748
457.2671756,292.6564885,434.389313,292.6564885,434.389313,317.389313,457.2671756,317.389313
447.9923664,293.2748092,426.9694656,293.2748092,426.9694656,316.1526718,447.9923664,316.1526718
449.8473282,291.4198473,426.351145,291.4198473,426.351145,311.8244275,449.8473282,311.8244275
444.2824427,293.2748092,421.4045802,293.2748092,421.4045802,316.7709924,444.2824427,316.7709924
439.3358779,290.8015267,418.3129771,290.8015267,418.3129771,314.2977099,439.3358779,314.2977099
439.3358779,287.7099237,418.9312977,287.7099237,418.9312977,311.2061069,439.3358779,311.2061069
439.9541985,282.1450382,419.5496183,282.1450382,419.5496183,303.7862595,439.9541985,303.7862595
441.8091603,277.8167939,417.0763359,277.8167939,417.0763359,298.8396947,441.8091603,298.8396947
442.4274809,267.9236641,423.8778626,267.9236641,423.8778626,293.2748092,442.4274809,293.2748092
449.8473282,267.3053435,425.7328244,267.3053435,425.7328244,292.6564885,449.8473282,292.6564885
453.5572519,266.0687023,431.9160305,266.0687023,431.9160305,287.7099237,453.5572519,287.7099237
453.5572519,264.2137405,432.5343511,264.2137405,432.5343511,287.7099237,453.5572519,287.7099237
465.9236641,259.8854962,445.519084,259.8854962,445.519084,284,465.9236641,284
472.7251908,258.0305344,452.3206107,258.0305344,452.3206107,282.1450382,472.7251908,282.1450382
479.5267176,254.9389313,457.8854962,254.9389313,457.8854962,280.9083969,479.5267176,280.9083969
484.4732824,256.1755725,464.0687023,256.1755725,464.0687023,280.9083969,484.4732824,280.9083969
491.2748092,260.5038168,468.3969466,260.5038168,468.3969466,284.6183206,491.2748092,284.6183206
494.3664122,266.6870229,475.8167939,266.6870229,475.8167939,290.1832061,494.3664122,290.1832061
494.9847328,275.3435115,477.0534351,275.3435115,477.0534351,299.4580153,494.9847328,299.4580153
494.9847328,286.4732824,475.8167939,286.4732824,475.8167939,308.1145038,494.9847328,308.1145038
494.3664122,285.2366412,470.2519084,285.2366412,470.2519084,308.7328244,494.3664122,308.7328244
489.4198473,295.7480916,468.3969466,295.7480916,468.3969466,316.7709924,489.4198473,316.7709924
483.2366412,296.9847328,461.5954198,296.9847328,461.5954198,321.0992366,483.2366412,321.0992366
480.1450382,299.4580153,456.648855,299.4580153,456.648855,322.3358779,480.1450382,322.3358779
473.3435115,300.0763359,450.4656489,300.0763359,450.4656489,324.8091603,473.3435115,324.8091603
469.0152672,300.6946565,448.610687,300.6946565,448.610687,324.8091603,469.0152672,324.8091603
468.3969466,298.8396947,446.1374046,298.8396947,446.1374046,326.0458015,468.3969466,326.0458015
464.0687023,301.9312977,443.0458015,301.9312977,443.0458015,326.6641221,464.0687023,326.6641221
463.4503817,300.0763359,443.0458015,300.0763359,443.0458015,325.4274809,463.4503817,325.4274809
462.8320611,297.6030534,443.0458015,297.6030534,443.0458015,325.4274809,462.8320611,325.4274809
462.8320611,296.9847328,439.9541985,296.9847328,439.9541985,322.9541985,462.8320611,322.9541985
462.2137405,295.7480916,442.4274809,295.7480916,442.4274809,322.9541985,462.2137405,322.9541985
461.5954198,294.5114504,440.5725191,294.5114504,440.5725191,321.0992366,461.5954198,321.0992366
462.2137405,292.6564885,442.4274809,292.6564885,442.4274809,321.7175573,462.2137405,321.7175573
462.2137405,290.8015267,441.8091603,290.8015267,441.8091603,318.0076336,462.2137405,318.0076336
465.9236641,291.4198473,443.0458015,291.4198473,443.0458015,317.389313,465.9236641,317.389313
467.1603053,295.129771,444.2824427,295.129771,444.2824427,322.9541985,467.1603053,322.9541985
467.778626,294.5114504,444.2824427,294.5114504,444.2824427,323.5725191,467.778626,323.5725191
467.1603053,295.7480916,442.4274809,295.7480916,442.4274809,321.7175573,467.1603053,321.7175573
465.3053435,294.5114504,444.9007634,294.5114504,444.9007634,320.480916,465.3053435,320.480916
469.0152672,292.6564885,444.9007634,292.6564885,444.9007634,318.0076336,469.0152672,318.0076336
468.3969466,287.7099237,444.2824427,287.7099237,444.2824427,315.5343511,468.3969466,315.5343511
469.6335878,290.1832061,444.9007634,290.1832061,444.9007634,314.2977099,469.6335878,314.2977099
467.778626,290.8015267,444.9007634,290.8015267,444.9007634,314.9160305,467.778626,314.9160305
467.1603053,287.7099237,445.519084,287.7099237,445.519084,314.9160305,467.1603053,314.9160305
470.2519084,287.7099237,445.519084,287.7099237,445.519084,313.6793893,470.2519084,313.6793893
467.778626,288.3282443,448.610687,288.3282443,448.610687,314.2977099,467.778626,314.2977099
471.4885496,285.2366412,445.519084,285.2366412,445.519084,313.6793893,471.4885496,313.6793893
469.6335878,285.8549618,445.519084,285.8549618,445.519084,315.5343511,469.6335878,315.5343511
469.6335878,288.9465649,447.3740458,288.9465649,447.3740458,314.9160305,469.6335878,314.9160305
470.2519084,286.4732824,447.9923664,286.4732824,447.9923664,312.4427481,470.2519084,312.4427481
469.0152672,287.0916031,449.2290076,287.0916031,449.2290076,314.2977099,469.0152672,314.2977099
470.870229,284,446.7557252,284,446.7557252,313.6793893,470.870229,313.6793893
471.4885496,282.1450382,447.3740458,282.1450382,447.3740458,311.8244275,471.4885496,311.8244275
469.6335878,283.3816794,448.610687,283.3816794,448.610687,309.9694656,469.6335878,309.9694656
471.4885496,280.2900763,447.9923664,280.2900763,447.9923664,306.8778626,471.4885496,306.8778626
470.2519084,279.0534351,449.2290076,279.0534351,449.2290076,305.6412214,470.2519084,305.6412214
470.2519084,277.8167939,448.610687,277.8167939,448.610687,305.6412214,470.2519084,305.6412214
472.1068702,277.1984733,448.610687,277.1984733,448.610687,303.7862595,472.1068702,303.7862595
470.870229,278.4351145,448.610687,278.4351145,448.610687,303.1679389,470.870229,303.1679389
470.2519084,279.0534351,449.8473282,279.0534351,449.8473282,304.4045802,470.2519084,304.4045802
470.2519084,280.9083969,448.610687,280.9083969,448.610687,305.6412214,470.2519084,305.6412214
472.1068702,280.9083969,449.8473282,280.9083969,449.8473282,304.4045802,472.1068702,304.4045802
472.1068702,277.1984733,448.610687,277.1984733,448.610687,303.7862595,472.1068702,303.7862595
471.4885496,277.8167939,449.2290076,277.8167939,449.2290076,304.4045802,471.4885496,304.4045802
472.1068702,277.8167939,449.8473282,277.8167939,449.8473282,304.4045802,472.1068702,304.4045802
474.5801527,276.5801527,451.0839695,276.5801527,451.0839695,302.5496183,474.5801527,302.5496183
473.3435115,277.1984733,452.9389313,277.1984733,452.9389313,305.0229008,473.3435115,305.0229008
474.5801527,278.4351145,451.7022901,278.4351145,451.7022901,304.4045802,474.5801527,304.4045802
473.3435115,277.8167939,451.0839695,277.8167939,451.0839695,304.4045802,473.3435115,304.4045802
473.3435115,276.5801527,452.9389313,276.5801527,452.9389313,302.5496183,473.3435115,302.5496183
474.5801527,275.9618321,452.3206107,275.9618321,452.3206107,303.1679389,474.5801527,303.1679389
473.3435115,276.5801527,453.5572519,276.5801527,453.5572519,303.1679389,473.3435115,303.1679389
475.1984733,277.1984733,452.9389313,277.1984733,452.9389313,303.1679389,475.1984733,303.1679389
475.8167939,274.7251908,454.1755725,274.7251908,454.1755725,303.7862595,475.8167939,303.7862595
473.9618321,275.3435115,454.1755725,275.3435115,454.1755725,302.5496183,473.9618321,302.5496183
475.1984733,276.5801527,451.7022901,276.5801527,451.7022901,300.6946565,475.1984733,300.6946565
473.9618321,275.9618321,452.9389313,275.9618321,452.9389313,302.5496183,473.9618321,302.5496183
473.9618321,276.5801527,454.1755725,276.5801527,454.1755725,301.9312977,473.9618321,301.9312977
473.9618321,277.8167939,454.1755725,277.8167939,454.1755725,301.3129771,473.9618321,301.3129771
474.5801527,275.9618321,453.5572519,275.9618321,453.5572519,301.9312977,474.5801527,301.9312977
475.8167939,275.9618321,451.7022901,275.9618321,451.7022901,301.9312977,475.8167939,301.9312977
473.9618321,276.5801527,453.5572519,276.5801527,453.5572519,301.3129771,473.9618321,301.3129771
475.1984733,275.9618321,454.1755725,275.9618321,454.1755725,302.5496183,475.1984733,302.5496183
475.1984733,277.1984733,452.3206107,277.1984733,452.3206107,301.9312977,475.1984733,301.9312977
474.5801527,276.5801527,456.0305344,276.5801527,456.0305344,301.3129771,474.5801527,301.3129771
477.6717557,276.5801527,454.7938931,276.5801527,454.7938931,300.6946565,477.6717557,300.6946565
475.1984733,276.5801527,453.5572519,276.5801527,453.5572519,300.0763359,475.1984733,300.0763359
477.0534351,277.1984733,454.1755725,277.1984733,454.1755725,300.0763359,477.0534351,300.0763359
475.8167939,275.9618321,455.4122137,275.9618321,455.4122137,299.4580153,475.8167939,299.4580153
476.4351145,274.7251908,455.4122137,274.7251908,455.4122137,298.8396947,476.4351145,298.8396947
